1622408440.8763862,36008.14000000
1622408451.2803736,36002.19000000
1622408460.6804903,36000.70000000
1622408470.694522,36008.40000000
1622408480.6814754,36016.09000000
1622408490.7346234,35980.21000000
1622408500.671699,35978.40000000
1622408510.832972,35967.14000000
1622408521.040697,35972.60000000
1622408530.7046816,35985.37000000
1622408540.6850057,36012.24000000
1622408550.667983,35986.33000000
1622408560.7628233,35980.73000000
1622408570.7100646,35977.95000000
1622408580.7938142,35999.08000000
1622408590.7816622,35995.86000000
1622408600.9398482,36007.78000000
1622408610.7878082,36041.95000000
1622408620.8607776,36034.71000000
1622408631.0381773,36011.34000000
1622408640.7526817,36007.33000000
1622408650.7981386,35992.02000000
1622408661.397298,35987.91000000
1622408671.1749785,35999.71000000
1622408680.8570278,36001.58000000
1622408691.4871516,36008.63000000
1622408700.8670096,36007.47000000
1622408710.8539288,35990.94000000
1622408721.142586,35979.48000000
1622408730.9749968,36003.92000000
1622408741.0813909,36014.74000000
1622408750.8690786,36009.99000000
1622408760.9037058,36041.95000000
1622408771.1930368,36011.36000000
1622408781.244697,36015.34000000
1622408791.3823752,36013.68000000
1622408801.1086454,35992.00000000
1622408810.9950614,35971.24000000
1622408821.2803524,35972.54000000
1622408831.316362,35971.86000000
1622408841.144567,35972.52000000
1622408851.1784813,35995.64000000
1622408861.2155726,36019.99000000
1622408871.9645052,36023.58000000
1622408881.385997,36027.18000000
1622408891.4203544,36017.61000000
1622408901.4761744,35993.62000000
1622408911.0047858,36022.06000000
1622408921.2163403,36025.28000000
1622408931.8031044,36030.30000000
1622408941.1347053,36039.22000000
1622408951.7280788,36072.61000000
1622408961.385033,36059.96000000
1622408971.0689883,36060.35000000
1622408981.224461,36036.34000000
1622408991.7567792,36042.51000000
1622409001.7397792,36040.66000000
1622409011.1173186,36008.29000000
1622409021.5622232,36000.00000000
1622409031.5321393,36000.22000000
1622409041.4734159,36006.71000000
1622409051.3581696,36020.76000000
1622409061.3941388,36023.02000000
1622409071.941868,36021.57000000
1622409081.9810128,36015.72000000
1622409092.62146,35981.46000000
1622409101.3293397,36013.22000000
1622409111.4367907,36013.48000000
1622409121.2920718,36004.03000000
1622409131.4292312,35981.41000000
1622409141.4638476,35992.01000000
1622409151.2107732,35998.46000000
1622409161.4439104,35986.92000000
1622409171.5067797,35978.31000000
1622409181.6029112,35989.71000000
1622409191.4328203,36019.59000000
1622409201.570327,35988.89000000
1622409211.4000347,35990.30000000
1622409221.8433993,35990.27000000
1622409231.5696464,35990.17000000
1622409241.6859338,35994.88000000
1622409252.359149,35989.04000000
1622409261.5736763,36003.30000000
1622409271.7092469,36000.00000000
1622409281.6437187,35999.99000000
1622409291.6546092,35982.60000000
1622409302.1196792,35985.48000000
1622409311.5373735,35998.99000000
1622409321.8905575,36004.64000000
1622409331.6092756,36001.98000000
1622409341.6146083,36011.94000000
1622409351.576634,36017.60000000
1622409361.523687,36017.60000000
1622409371.8500617,36017.60000000
1622409381.6790679,36020.01000000
1622409391.5119658,36027.48000000
1622409401.7973146,36030.00000000
1622409412.2177181,36020.15000000
1622409421.6401498,36007.86000000
1622409431.8521242,35988.71000000
1622409441.7318275,36002.48000000
1622409451.7865741,36012.07000000
1622409461.711961,36004.62000000
1622409471.7532537,35990.10000000
1622409481.7554376,35997.34000000
1622409491.54363,36001.14000000
1622409501.7766767,36010.94000000
1622409511.7137473,36015.44000000
1622409521.8655818,36029.98000000
1622409531.7954698,36036.00000000
1622409541.8199103,36038.07000000
1622409551.585378,36006.86000000
1622409562.0493412,36006.85000000
1622409571.856604,36021.92000000
1622409582.0024748,36021.70000000
1622409591.9863317,36024.94000000
1622409601.863413,36019.26000000
1622409612.624195,35996.62000000
1622409622.0417204,35993.15000000
1622409632.1820304,36006.88000000
1622409641.6873817,36003.18000000
1622409652.420466,35993.80000000
1622409662.1441982,35994.25000000
1622409671.836122,35991.00000000
1622409681.807143,35993.86000000
1622409692.2868736,35999.52000000
1622409701.8333902,35996.83000000
1622409712.0550992,36007.52000000
1622409722.1060505,36002.89000000
1622409732.7086558,35994.27000000
1622409741.8735256,35991.86000000
1622409752.627277,36005.66000000
1622409762.5653071,36004.55000000
1622409771.8481944,36003.42000000
1622409782.0183961,35989.26000000
1622409791.8489845,35992.01000000
1622409802.1955757,35990.23000000
1622409812.1303566,35980.01000000
1622409821.8590562,35974.44000000
1622409832.8166342,35972.54000000
1622409842.2383158,35970.01000000
1622409851.8354728,35963.44000000
1622409861.892701,35904.45000000
1622409872.2476075,35852.51000000
1622409882.278657,35900.09000000
1622409892.2113626,35904.22000000
1622409902.0481439,35907.89000000
1622409911.992221,35928.75000000
1622409922.3303423,35941.82000000
1622409932.269119,35954.68000000
1622409942.211785,35960.24000000
1622409952.2540352,35959.43000000
1622409961.964815,35964.53000000
1622409972.336533,35974.70000000
1622409982.8948977,35985.08000000
1622409991.9663122,35996.48000000
1622410002.352107,35997.64000000
1622410012.3938782,36015.63000000
1622410022.050983,36014.61000000
1622410032.1738489,35987.28000000
1622410042.521407,35991.34000000
1622410052.2979765,36007.77000000
1622410063.1879408,35995.52000000
1622410072.638932,36001.56000000
1622410082.4702537,36003.08000000
1622410092.003822,36010.93000000
1622410102.2425654,36007.99000000
1622410112.1789255,36007.99000000
1622410122.1058366,36011.89000000
1622410132.3490422,36008.92000000
1622410142.4884975,36008.15000000
1622410152.2194662,36008.14000000
1622410162.4600883,35992.21000000
1622410172.409118,35990.65000000
1622410182.4420881,35990.60000000
1622410192.9839337,35983.47000000
1622410203.3402069,35955.56000000
1622410212.4560244,35932.65000000
1622410222.1579182,35938.02000000
1622410232.2318988,35971.00000000
1622410242.564064,35984.67000000
1622410252.2937288,36005.76000000
1622410262.2536411,35998.86000000
1622410278.9217014,36007.20000000
1622410282.1977546,36008.79000000
1622410293.2402015,36014.68000000
1622410302.2541847,36017.60000000
1622410312.2554286,36026.57000000
1622410322.374198,36041.12000000
1622410332.393563,36062.47000000
1622410342.4149487,36099.80000000
1622410353.0717716,36088.18000000
1622410362.2693796,36090.77000000
1622410372.3691425,36085.42000000
1622410383.920574,36058.40000000
1622410394.0672445,36041.34000000
1622410404.03607,36038.45000000
1622410413.2047632,36034.00000000
1622410422.8262331,36036.80000000
1622410432.974862,36050.00000000
1622410443.0846708,36056.02000000
1622410452.4399333,36092.68000000
1622410462.4770226,36088.10000000
1622410472.5734746,36082.93000000
1622410482.6140118,36083.80000000
1622410493.4046257,36087.33000000
1622410502.684748,36084.38000000
1622410513.5784469,36084.37000000
1622410540.487561,36039.31000000
1622410541.3806522,36047.21000000
1622410551.6445298,36042.28000000
1622410561.1142898,36041.36000000
1622410571.482779,36073.27000000
1622410581.8214402,36080.20000000
1622410591.343478,36078.56000000
1622410601.2227871,36069.18000000
1622410611.2521508,36061.16000000
1622410621.5637581,36066.96000000
1622410631.3767905,36063.05000000
1622410641.2629938,36068.61000000
1622410651.5470552,36074.72000000
1622410661.214171,36077.32000000
1622410671.4086447,36079.54000000
1622410681.342112,36079.99000000
1622410691.4828465,36099.99000000
1622410701.5121703,36125.24000000
1622410712.0854523,36120.01000000
1622410721.8258681,36123.05000000
1622410731.8950572,36123.33000000
1622410743.130727,36112.00000000
1622410751.6171968,36093.57000000
1622410771.178914,36108.46000000
1622410779.9185984,36124.15000000
1622410782.8926933,36118.60000000
1622410791.703884,36119.17000000
1622410803.206723,36122.00000000
1622410813.0492382,36121.94000000
1622410821.9180696,36135.87000000
1622410831.8198419,36151.50000000
1622410841.7685182,36163.13000000
1622410852.0561485,36154.01000000
1622410861.7802823,36151.20000000
1622410872.4333756,36145.45000000
1622410882.2634866,36150.00000000
1622410891.8266413,36172.99000000
1622410902.1302512,36177.07000000
1622410912.0717983,36175.02000000
1622410922.71451,36176.76000000
1622410932.11963,36176.35000000
1622410942.105874,36179.81000000
1622410951.98351,36181.49000000
1622410962.2299836,36180.42000000
1622410972.162686,36182.44000000
1622410982.0912156,36199.99000000
1622410992.1221344,36200.49000000
1622411002.3603673,36196.39000000
1622411012.2927139,36194.18000000
1622411022.3252907,36195.03000000
1622411032.2570815,36143.74000000
1622411042.3908813,36184.63000000
1622411052.7404516,36182.37000000
1622411062.2537282,36149.37000000
1622411072.4935493,36179.65000000
1622411082.0446477,36181.57000000
1622411092.3557205,36190.18000000
1622411102.1631951,36169.21000000
1622411113.855884,36156.67000000
1622411122.3573139,36182.17000000
1622411132.902015,36147.14000000
1622411142.6082103,36153.70000000
1622411152.3573935,36166.58000000
1622411162.4961882,36169.99000000
1622411172.081784,36137.35000000
1622411182.9082575,36121.41000000
1622411192.1791127,36144.10000000
1622411202.009875,36112.00000000
1622411212.2548952,36132.99000000
1622411222.3977096,36131.82000000
1622411232.1473403,36118.55000000
1622411242.9016454,36101.14000000
1622411252.4001467,36125.21000000
1622411262.4385116,36095.53000000
1622411272.5720878,36085.69000000
1622411282.3032517,36095.79000000
1622411292.540428,36096.17000000
1622411302.4734638,36092.61000000
1622411312.507672,36072.41000000
1622411322.2025485,36078.99000000
1622411332.2075663,36078.81000000
1622411342.365354,36078.07000000
1622411353.480253,36100.76000000
1622411362.68598,36103.87000000
1622411372.4874713,36087.03000000
1622411382.1851482,36087.56000000
1622411392.2607632,36101.53000000
1622411402.342858,36120.50000000
1622411412.4527156,36099.88000000
1622411422.9984856,36113.19000000
1622411432.5236454,36101.86000000
1622411442.4672782,36104.40000000
1622411452.219548,36102.39000000
1622411464.1272504,36087.04000000
1622411472.667639,36083.85000000
1622411484.1712117,36081.72000000
1622411492.847787,36082.93000000
1622411503.1842742,36083.63000000
1622411512.708541,36083.61000000
1622411522.4672167,36078.08000000
1622411532.418143,36081.72000000
1622411542.4081416,36081.01000000
1622411552.448228,36078.07000000
1622411562.4594653,36077.73000000
1622411572.410714,36078.31000000
1622411582.7506218,36078.04000000
1622411592.448099,36073.56000000
1622411602.4398339,36075.62000000
1622411612.6464336,36073.05000000
1622411622.6784565,36065.34000000
1622411632.6283252,36050.09000000
1622411643.463663,36056.46000000
1622411652.5086648,36052.96000000
1622411662.6313438,36053.63000000
1622411672.5976863,36083.99000000
1622411682.5344195,36082.50000000
1622411692.4399915,36079.32000000
1622411702.5773325,36079.98000000
1622411712.5161014,36065.56000000
1622411722.57485,36055.96000000
1622411732.5386329,36039.85000000
1622411742.5186913,36029.00000000
1622411753.167428,36012.61000000
1622411762.7609305,36021.82000000
1622411773.1429973,36032.84000000
1622411782.6228175,36019.57000000
1622411792.5322995,35994.40000000
1622411802.5474484,35985.44000000
1622411813.4742503,35990.29000000
1622411822.6733844,35993.01000000
1622411832.548321,35987.95000000
1622411842.8448782,35989.33000000
1622411852.8074446,35994.39000000
1622411862.6114075,35994.99000000
1622411872.9827816,35991.93000000
1622411882.5767882,35990.01000000
1622411892.6869955,35990.00000000
1622411902.7805626,35984.98000000
1622411912.9964244,35984.96000000
1622411923.3554163,35984.13000000
1622411932.6333287,35984.95000000
1622411942.685957,35980.14000000
1622411952.7952178,35983.40000000
1622411962.7154768,35983.07000000
1622411972.7464778,35952.16000000
1622411982.6935847,35940.31000000
1622411992.8565814,35940.47000000
1622412002.9668682,35941.18000000
1622412019.468095,35899.78000000
1622412029.3811402,35938.20000000
1622412039.413753,35984.90000000
1622412049.621956,35993.10000000
1622412059.7273996,35954.49000000
1622412069.7806916,35967.22000000
1622412079.505779,36000.00000000
1622412089.762371,36000.01000000
1622412099.4409554,35993.98000000
1622412109.5824351,35989.22000000
1622412119.9572923,35992.76000000
1622412129.4698052,35984.39000000
1622412140.1453958,35986.52000000
1622412149.576538,35988.11000000
1622412159.478238,35983.80000000
1622412169.6363811,35986.02000000
1622412179.5922837,35984.19000000
1622412190.2700272,35986.04000000
1622412199.6413298,35979.33000000
1622412210.4989696,35985.63000000
1622412219.7802722,35983.57000000
1622412229.8522022,35986.15000000
1622412239.5586598,35987.92000000
1622412249.5782785,35978.27000000
1622412259.7118225,35978.61000000
1622412269.5857925,35966.05000000
1622412279.6764405,35940.93000000
1622412289.8342066,35910.59000000
1622412299.6675174,35850.01000000
1622412309.7236364,35921.99000000
1622412319.728532,35918.69000000
1622412329.7347693,35887.83000000
1622412339.629127,35880.74000000
1622412349.6658401,35893.00000000
1622412359.7783656,35870.01000000
1622412369.798374,35849.32000000
1622412380.1819053,35873.92000000
1622412390.0092115,35890.00000000
1622412400.031286,35908.89000000
1622412409.9723258,35887.01000000
1622412420.057834,35864.75000000
1622412430.0651996,35870.01000000
1622412442.7208579,35858.95000000
1622412451.7385862,35850.01000000
1622412461.6561503,35839.95000000
1622412472.20204,35800.99000000
1622412481.6638649,35842.40000000
1622412491.7561028,35832.47000000
1622412501.7484431,35838.58000000
1622412512.1087773,35825.59000000
1622412521.7156136,35837.30000000
1622412534.549313,35855.52000000
1622412544.9252908,35876.40000000
1622412555.1864488,35856.16000000
1622412564.3857534,35846.20000000
1622412574.7301958,35875.90000000
1622412585.0497255,35874.13000000
1622412594.508826,35873.17000000
1622412604.6453063,35903.74000000
1622412615.0903115,35866.19000000
1622412624.5835686,35879.97000000
1622412634.4597077,35893.71000000
1622412644.5019004,35913.94000000
1622412655.3846855,35916.69000000
1622412665.6423488,35900.01000000
1622412674.7890103,35897.48000000
1622412684.7066002,35894.98000000
1622412694.5517612,35893.81000000
1622412705.0768404,35909.45000000
1622412714.507605,35913.39000000
1622412724.5860326,35946.61000000
1622412735.0004494,35942.59000000
1622412744.5561256,35930.83000000
1622412754.7995079,35918.47000000
1622412764.5454156,35914.58000000
1622412774.6500924,35926.25000000
1622412785.8134542,35926.48000000
1622412794.7011564,35930.00000000
1622412804.5888445,35969.23000000
1622412814.5943003,35999.99000000
1622412824.7108357,35990.76000000
1622412834.6400385,35996.02000000
1622412845.114278,36009.02000000
1622412854.6664677,36026.57000000
1622412864.6494448,36019.95000000
1622412874.7264602,36045.68000000
1622412884.747266,36019.00000000
1622412894.7689123,36013.25000000
1622412905.3337686,36006.53000000
1622412914.728185,35957.91000000
1622412924.7134237,35970.60000000
1622412934.8377824,35980.80000000
1622412944.7004473,35990.52000000
1622412954.7532718,35995.00000000
1622412967.6651373,35955.39000000
1622412977.8622794,35976.02000000
1622412987.7257895,35989.94000000
1622412997.8646858,35988.93000000
1622413007.7085109,35971.61000000
1622413018.012772,35960.78000000
1622413027.7206178,35965.28000000
1622413038.835124,35965.28000000
1622413047.9874365,35964.21000000
1622413057.724323,35965.00000000
1622413067.6720433,35960.01000000
1622413077.7081113,35954.61000000
1622413087.772094,35955.81000000
1622413097.6946275,35953.12000000
1622413108.5658107,35930.04000000
1622413117.9525774,35914.59000000
1622413132.1518054,35924.25000000
1622413137.9623675,35928.26000000
1622413147.74904,35915.28000000
1622413157.870613,35929.75000000
1622413167.7488878,35936.12000000
1622413177.8323057,35921.71000000
1622413187.8649623,35919.59000000
1622413208.3917804,35886.47000000
1622413209.060776,35886.47000000
1622413219.6394472,35879.73000000
1622413228.8861825,35875.95000000
1622413239.8393574,35893.28000000
1622413248.9329715,35893.55000000
1622413258.9588678,35908.83000000
1622413269.0838628,35950.48000000
1622413279.0626235,35939.11000000
1622413288.9821367,35932.64000000
1622413299.1083941,35955.06000000
1622413309.063106,35936.28000000
1622413319.0880938,35942.99000000
1622413329.0131888,35950.02000000
1622413339.174307,35958.64000000
1622413349.2241123,35965.84000000
1622413359.0744624,35936.29000000
1622413369.073954,35933.22000000
1622413379.1487947,35924.68000000
1622413389.1425958,35921.51000000
1622413399.1884315,35924.26000000
1622413409.3187115,35921.52000000
1622413419.0923269,35931.33000000
1622413429.1857865,35927.41000000
1622413439.0976899,35888.01000000
1622413449.1504366,35920.64000000
1622413459.0812726,35946.10000000
1622413469.1013665,35953.25000000
1622413479.2572317,35952.33000000
1622413489.1083057,35922.01000000
1622413499.7386413,35923.01000000
1622413509.36725,35933.17000000
1622413519.2966378,35937.17000000
1622413529.230158,35931.12000000
1622413540.3338747,35934.99000000
1622413549.1511526,35941.60000000
1622413559.2413135,35933.32000000
1622413569.884042,35931.82000000
1622413579.5095384,35932.61000000
1622413589.3432283,35946.04000000
1622413599.3739467,35955.23000000
1622413609.5170605,35948.18000000
1622413619.3015466,35943.54000000
1622413629.2590508,35943.54000000
1622413639.2372866,35967.41000000
1622413649.2479863,35957.83000000
1622413659.3321147,35937.87000000
1622413669.2699435,35937.67000000
1622413679.3663757,35929.59000000
1622413689.8862414,35936.09000000
1622413700.0697794,35931.39000000
1622413710.2840538,35940.17000000
1622413719.3884861,35944.99000000
1622413729.378922,35944.99000000
1622413739.4276097,35939.64000000
1622413749.5051925,35932.76000000
1622413759.4321346,35910.01000000
1622413769.3815506,35917.00000000
1622413779.4352617,35921.57000000
1622413789.8504975,35911.34000000
1622413799.3838718,35911.33000000
1622413809.4366777,35889.00000000
1622413819.9782984,35832.58000000
1622413829.4085805,35781.51000000
1622413839.9397244,35822.31000000
1622413849.6478064,35832.24000000
1622413859.4695086,35842.99000000
1622413869.554961,35842.51000000
1622413879.5234334,35823.72000000
1622413887.5503483,35800.00000000
1622413900.4130797,35806.71000000
1622413910.6761384,35821.12000000
1622413920.00621,35821.04000000
1622413929.9362035,35810.22000000
1622413940.071024,35788.56000000
1622413949.9784508,35755.85000000
1622413959.9830444,35798.01000000
1622413969.9704566,35783.24000000
1622413980.0851543,35783.43000000
1622413990.676768,35789.33000000
1622413999.9734988,35795.14000000
1622414009.635825,35804.99000000
1622414019.0738673,35805.00000000
1622414029.1213765,35841.37000000
1622414039.142145,35811.36000000
1622414049.1418633,35811.98000000
1622414059.1437516,35812.92000000
1622414069.1539133,35800.00000000
1622414079.1217613,35769.01000000
1622414090.0943224,35751.13000000
1622414100.719803,35759.09000000
1622414110.094941,35770.20000000
1622414118.818538,35781.80000000
1622414128.9837208,35790.82000000
1622414138.8544533,35766.19000000
1622414148.8763049,35793.81000000
1622414158.9923286,35794.74000000
1622414170.22837,35806.75000000
1622414180.7158191,35809.60000000
1622414190.1446636,35807.17000000
1622414200.2036588,35808.70000000
1622414210.3120942,35814.89000000
1622414220.181244,35809.28000000
1622414230.2170222,35830.14000000
1622414240.1593733,35826.25000000
1622414251.1277876,35837.38000000
1622414261.7042856,35842.29000000
1622414271.4454143,35836.51000000
1622414288.2635999,35781.04000000
1622414301.8621752,35750.01000000
1622414311.5694988,35697.31000000
1622414321.6339872,35688.50000000
1622414332.5795033,35703.33000000
1622414346.7061865,35713.00000000
1622414356.1245728,35721.64000000
1622414366.156544,35706.83000000
1622414376.1581063,35688.95000000
1622414386.1691976,35698.99000000
1622414396.189394,35700.00000000
1622414406.1981032,35718.86000000
1622414414.2400906,35751.24000000
1622414429.4445515,35733.27000000
1622414439.3379867,35755.17000000
1622414449.4215865,35768.29000000
1622414456.6573105,35776.11000000
1622414466.9361012,35767.94000000
1622414480.189666,35779.08000000
1622414503.2132146,35761.40000000
1622414513.200654,35759.99000000
1622414528.8764255,35770.00000000
1622414553.273421,35746.80000000
1622414563.2533677,35733.78000000
1622414573.3307302,35742.23000000
1622414583.1983426,35756.52000000
1622414593.2099411,35772.28000000
1622414603.3384,35751.25000000
1622414613.1845496,35743.22000000
1622414623.3720748,35691.01000000
1622414633.197002,35721.38000000
1622414643.2633173,35733.23000000
1622414653.3117604,35746.94000000
1622414663.283513,35748.25000000
1622414673.2844748,35729.69000000
1622414683.3379674,35746.99000000
1622414693.4231682,35743.99000000
1622414703.3709264,35759.54000000
1622414713.247918,35734.33000000
1622414723.2448254,35738.36000000
1622414733.4420214,35752.81000000
1622414743.8623993,35770.00000000
1622414753.7487018,35757.15000000
1622414767.7911794,35765.31000000
1622414773.3254201,35762.61000000
1622414783.350083,35774.84000000
1622414793.4367256,35771.49000000
1622414803.4596524,35781.42000000
1622414813.4341576,35764.66000000
1622414824.632454,35773.04000000
1622414833.9880211,35791.19000000
1622414843.4510574,35776.78000000
1622414853.6892211,35791.18000000
1622414863.4653249,35787.35000000
1622414873.7426603,35799.99000000
1622414883.4348795,35782.14000000
1622414893.4318619,35793.63000000
1622414903.4023137,35799.99000000
1622414913.4650736,35799.99000000
1622414923.5593672,35809.44000000
1622414933.6195498,35799.99000000
1622414943.499843,35793.48000000
1622414953.5631325,35813.03000000
1622414963.4776886,35797.56000000
1622414973.9265406,35805.28000000
1622414983.5057127,35802.35000000
1622414993.875153,35818.39000000
1622415003.6226645,35816.70000000
1622415013.5626118,35811.11000000
1622415023.5178707,35817.21000000
1622415033.6683676,35808.01000000
1622415043.5632634,35810.48000000
1622415053.5671346,35821.30000000
1622415064.0230803,35811.09000000
1622415073.6549313,35826.36000000
1622415083.826682,35810.49000000
1622415093.6595528,35826.48000000
1622415103.6853309,35808.70000000
1622415113.9476085,35796.02000000
1622415123.8341956,35806.80000000
1622415133.7396972,35816.61000000
1622415143.7026527,35818.94000000
1622415153.6662984,35804.68000000
1622415164.246632,35799.92000000
1622415173.7435148,35770.49000000
1622415183.7456908,35792.65000000
1622415193.6482627,35759.39000000
1622415204.265375,35776.23000000
1622415213.7082531,35770.38000000
1622415223.707197,35773.05000000
1622415233.9952517,35762.89000000
1622415244.2482283,35761.61000000
1622415253.8218565,35768.95000000
1622415263.869524,35785.37000000
1622415273.9492054,35768.30000000
1622415283.7973056,35757.08000000
1622415294.2086494,35765.27000000
1622415303.7656558,35760.22000000
1622415313.790892,35766.00000000
1622415323.8599422,35781.96000000
1622415333.774516,35767.78000000
1622415343.8176937,35757.37000000
1622415354.0205112,35774.45000000
1622415363.8881245,35763.88000000
1622415373.8858247,35758.49000000
1622415384.4912438,35772.36000000
1622415393.8022473,35765.29000000
1622415403.9477868,35771.95000000
1622415414.403269,35767.91000000
1622415423.9517698,35759.21000000
1622415434.6736,35771.94000000
1622415444.2257826,35785.22000000
1622415454.1574621,35775.78000000
1622415463.9431329,35778.29000000
1622415474.1858163,35775.01000000
1622415484.4488,35768.01000000
1622415493.9086452,35738.03000000
1622415503.9496055,35726.54000000
1622415513.9078457,35711.16000000
1622415524.0064752,35714.07000000
1622415534.0398433,35727.61000000
1622415543.9382155,35683.49000000
1622415554.188115,35685.72000000
1622415563.9491832,35695.94000000
1622415574.0518794,35699.43000000
1622415584.267481,35708.10000000
1622415594.0072176,35737.65000000
1622415604.0612597,35713.87000000
1622415614.615584,35688.15000000
1622415624.164638,35678.00000000
1622415634.8934348,35679.46000000
1622415644.4176495,35683.02000000
1622415654.174946,35691.00000000
1622415664.119342,35690.69000000
1622415674.111055,35706.96000000
1622415684.0589797,35722.81000000
1622415694.2490773,35724.18000000
1622415704.121007,35730.66000000
1622415714.0946121,35734.67000000
1622415724.1758518,35728.18000000
1622415734.1210086,35729.91000000
1622415746.385928,35758.84000000
1622415754.1803558,35770.82000000
1622415764.1722116,35777.10000000
1622415774.15503,35760.55000000
1622415784.2081373,35780.72000000
1622415794.191099,35799.99000000
1622415804.208568,35799.74000000
1622415814.2025778,35801.34000000
1622415824.2552176,35800.00000000
1622415834.211454,35799.89000000
1622415844.3078485,35819.99000000
1622415854.3373287,35813.39000000
1622415864.2818456,35805.47000000
1622415874.227108,35810.70000000
1622415884.3325882,35798.99000000
1622415894.2615561,35789.23000000
1622415904.8344967,35751.04000000
1622415914.39726,35729.02000000
1622415924.4034617,35713.57000000
1622415934.295013,35705.50000000
1622415944.9103591,35701.11000000
1622415954.4357288,35704.38000000
1622415964.3534281,35673.41000000
1622415974.4264488,35636.00000000
1622415984.4414518,35640.01000000
1622415994.9124377,35626.08000000
1622416004.3727272,35640.59000000
1622416014.3910666,35637.61000000
1622416024.370403,35624.62000000
1622416034.390021,35615.66000000
1622416044.4643683,35607.99000000
1622416054.5911171,35678.40000000
1622416064.548047,35659.20000000
1622416074.495038,35631.99000000
1622416084.4103894,35634.99000000
1622416094.4721332,35633.54000000
1622416104.4371402,35650.37000000
1622416115.1202247,35631.98000000
1622416124.5571601,35631.71000000
1622416134.5048013,35638.11000000
1622416144.7522962,35633.36000000
1622416154.4904997,35643.21000000
1622416164.5502198,35631.16000000
1622416174.5260243,35619.66000000
1622416184.5608637,35606.33000000
1622416194.518164,35614.08000000
1622416204.6035502,35605.88000000
1622416214.5976696,35607.08000000
1622416224.6792839,35622.88000000
1622416234.5721552,35635.90000000
1622416244.7096052,35657.98000000
1622416254.5746675,35634.70000000
1622416264.7625015,35671.09000000
1622416274.6474376,35655.42000000
1622416284.6368837,35662.54000000
1622416294.9799387,35654.88000000
1622416305.0188124,35671.09000000
1622416314.6183238,35669.18000000
1622416324.6875582,35650.49000000
1622416334.6520777,35662.83000000
1622416344.725962,35650.00000000
1622416354.744313,35665.57000000
1622416364.679931,35647.48000000
1622416374.7452097,35649.66000000
1622416385.35478,35662.63000000
1622416394.6870723,35659.37000000
1622416405.3483624,35630.02000000
1622416415.5168192,35651.97000000
1622416424.6931174,35641.46000000
1622416435.1354072,35632.99000000
1622416444.891526,35625.04000000
1622416454.7311726,35615.79000000
1622416464.8565786,35593.66000000
1622416474.820225,35583.42000000
1622416484.949969,35594.79000000
1622416495.5679948,35550.00000000
1622416505.3920999,35555.00000000
1622416514.8479044,35585.40000000
1622416524.7733817,35613.77000000
1622416534.8510587,35643.20000000
1622416545.1080828,35653.89000000
1622416555.001824,35637.09000000
1622416564.9198086,35666.75000000
1622416575.2647748,35618.63000000
1622416584.868049,35647.33000000
1622416595.3168168,35653.05000000
1622416605.619554,35627.72000000
1622416614.9763236,35629.49000000
1622416624.9391513,35605.11000000
1622416635.368474,35589.84000000
1622416644.9484968,35580.31000000
1622416654.9932165,35560.83000000
1622416665.6481419,35540.36000000
1622416675.0763006,35532.62000000
1622416685.0343952,35518.26000000
1622416695.0119853,35533.68000000
1622416705.1788983,35542.35000000
1622416715.0091646,35560.91000000
1622416725.0885012,35565.16000000
1622416735.5568683,35606.53000000
1622416744.9293036,35602.60000000
1622416755.012512,35598.11000000
1622416765.166305,35615.69000000
1622416774.9907124,35595.59000000
1622416785.02938,35570.31000000
1622416795.076,35598.62000000
1622416805.0112693,35611.41000000
1622416815.1024663,35605.85000000
1622416825.2254689,35615.00000000
1622416835.2324271,35622.21000000
1622416845.1128962,35629.98000000
1622416855.1899242,35633.17000000
1622416865.4290051,35650.99000000
1622416875.1117816,35640.88000000
1622416885.4334047,35639.39000000
1622416895.5494342,35639.39000000
1622416905.4278724,35646.62000000
1622416915.092724,35653.91000000
1622416925.3303926,35660.92000000
1622416935.2283597,35669.75000000
1622416945.2699096,35664.84000000
1622416955.1868153,35658.60000000
1622416965.2292752,35664.92000000
1622416975.2339602,35670.74000000
1622416985.183531,35659.95000000
1622416995.4745054,35635.00000000
1622417005.3076098,35640.84000000
1622417015.2107224,35651.27000000
1622417025.1860142,35645.13000000
1622417035.2093477,35655.24000000
1622417045.2528105,35641.01000000
1622417055.8131151,35626.70000000
1622417065.247887,35608.86000000
1622417075.3431263,35619.71000000
1622417085.2662923,35619.70000000
1622417095.255226,35610.51000000
1622417105.335513,35620.10000000
1622417115.7851965,35625.00000000
1622417125.3080623,35624.94000000
1622417135.4645503,35635.00000000
1622417145.4167306,35626.67000000
1622417155.3447142,35639.24000000
1622417165.373573,35639.99000000
1622417175.3777032,35624.95000000
1622417185.4238582,35622.67000000
1622417195.375467,35630.00000000
1622417205.4206088,35639.98000000
1622417215.4402728,35635.36000000
1622417225.464389,35626.09000000
1622417235.9336576,35630.01000000
1622417245.4428775,35633.54000000
1622417255.4821036,35624.37000000
1622417265.5074396,35617.71000000
1622417275.4589236,35617.47000000
1622417285.4321275,35607.19000000
1622417295.5762918,35573.01000000
1622417305.4303596,35590.03000000
1622417315.66792,35598.79000000
1622417325.4546342,35615.57000000
1622417335.4932861,35592.24000000
1622417345.5158262,35582.79000000
1622417356.1241617,35580.79000000
1622417365.5258074,35588.73000000
1622417375.5734804,35581.00000000
1622417385.5800433,35557.66000000
1622417396.6715238,35555.30000000
1622417405.6768963,35555.65000000
1622417415.535692,35576.41000000
1622417425.6088414,35596.10000000
1622417435.5464287,35603.93000000
1622417445.8235586,35628.39000000
1622417455.576551,35624.91000000
1622417465.6220906,35615.06000000
1622417475.9438343,35629.96000000
1622417485.5831947,35643.47000000
1622417495.665736,35640.67000000
1622417505.6764302,35622.98000000
1622417515.62749,35618.14000000
1622417525.6234791,35599.60000000
1622417535.8556652,35613.99000000
1622417545.6351843,35621.73000000
1622417555.79408,35611.68000000
1622417566.6990864,35595.12000000
1622417575.8446724,35614.29000000
1622417585.750761,35610.35000000
1622417595.7437437,35594.76000000
1622417605.7449684,35596.49000000
1622417615.6876974,35595.20000000
1622417625.6717935,35628.87000000
1622417635.7109082,35623.69000000
1622417645.908627,35597.96000000
1622417655.8451896,35617.65000000
1622417665.8181648,35624.15000000
1622417676.1112127,35635.08000000
1622417685.8331296,35639.33000000
1622417695.8972332,35652.64000000
1622417706.438528,35613.26000000
1622417715.9495964,35618.13000000
1622417726.2039347,35625.54000000
1622417736.4624736,35637.18000000
1622417745.897072,35650.39000000
1622417755.8040001,35656.99000000
1622417765.9079378,35660.46000000
1622417776.071084,35663.63000000
1622417785.925447,35661.58000000
1622417795.9292119,35664.52000000
1622417805.9700232,35653.87000000
1622417816.665088,35650.00000000
1622417825.970794,35619.36000000
1622417835.9599066,35646.31000000
1622417845.8928454,35637.91000000
1622417856.0115325,35637.79000000
1622417865.9938426,35647.72000000
1622417876.0152547,35639.57000000
1622417885.9825642,35654.30000000
1622417896.8672528,35653.67000000
1622417906.0080829,35670.98000000
1622417915.970555,35680.98000000
1622417926.2150362,35675.76000000
1622417935.9859765,35695.67000000
1622417945.9805229,35686.37000000
1622417956.063048,35669.99000000
1622417966.0507965,35662.29000000
1622417976.0691829,35678.80000000
1622417986.9534922,35690.71000000
1622417997.138096,35700.00000000
1622418006.0564153,35682.00000000
1622418016.1899207,35662.53000000
1622418026.1591046,35650.05000000
1622418036.329482,35642.84000000
1622418046.0893488,35641.57000000
1622418056.291514,35645.45000000
1622418066.0928292,35630.76000000
1622418076.2919674,35610.11000000
1622418086.1424906,35611.91000000
1622418096.2046225,35611.92000000
1622418106.3012385,35611.89000000
1622418116.1594841,35606.24000000
1622418126.1062791,35586.37000000
1622418136.1850739,35611.59000000
1622418146.2403095,35610.01000000
1622418156.192959,35596.48000000
1622418167.1217692,35596.52000000
1622418176.8855944,35588.94000000
1622418186.2577052,35585.00000000
1622418196.1908076,35580.02000000
1622418206.2556715,35599.20000000
1622418216.2525132,35591.67000000
1622418226.376804,35588.26000000
1622418236.2725837,35614.00000000
1622418246.242587,35598.69000000
1622418256.3060064,35597.84000000
1622418266.2594004,35622.95000000
1622418276.25119,35637.17000000
1622419151.4731946,35669.27000000
